大类名称,销售金额,累计金额,累计贡献率
日配,82196.0,82195.99972,0.18
蔬果,81485.63,163681.6297,0.36
休闲,74406.2,238087.8296,0.52
粮油,61213.84,299301.6697,0.66
酒饮,55141.3,354442.9696,0.78
洗化,38048.0,392490.9694,0.86
肉禽,25209.99,417700.9594,0.92
冲调,14022.3,431723.2593,0.95
家居,6458.1,438181.3593,0.96
熟食,5941.94,444123.2993,0.97
针织,5808.8,449932.0994,0.99
水产,2891.0,452823.0993,0.99
文体,1980.8,454803.8994,1.0
家电,853.9,455657.7994,1.0
烘焙,110.9,455768.6994,1.0
